126 60 
126 61 
125 61 
125 62 
125 63 
125 64 
125 65 
125 66 
125 67 
124 67 
124 68 
124 69 
123 69 
123 70 
123 71 
122 71 
122 72 
122 73 
121 73 
121 74 
121 75 
120 75 
120 76 
120 77 
119 77 
119 78 
119 79 
118 79 
118 80 
118 81 
117 81 
117 82 
117 83 
117 84 
116 84 
116 85 
116 86 
116 87 
115 87 
115 88 
115 89 
115 90 
115 91 
114 91 
114 92 
114 93 
114 94 
113 94 
113 95 
113 96 
113 97 
113 98 
113 99 
112 99 
112 100 
112 101 
112 102 
112 103 
112 104 
111 104 
111 105 
111 106 
111 107 
111 108 
111 109 
110 109 
110 110 
110 111 
110 112 
109 112 
108 112 
107 112 
106 112 
105 112 
104 112 
104 113 
103 113 
102 113 
102 114 
101 114 
100 114 
100 115 
99 115 
99 116 
98 116 
98 117 
97 117 
97 118 
96 118 
96 119 
96 120 
95 120 
95 121 
95 122 
94 122 
94 123 
94 124 
94 125 
94 126 
94 127 
94 128 
94 129 
94 130 
94 131 
93 131 
92 131 
91 131 
91 132 
90 132 
90 133 
90 134 
90 135 
90 136 
90 137 
90 138 
90 139 
89 139 
89 140 
89 141 
88 141 
88 142 
88 143 
87 143 
87 144 
86 144 
86 145 
85 145 
85 146 
84 146 
84 147 
84 148 
84 149 
84 150 
83 150 
83 151 
83 152 
83 153 
83 154 
83 155 
83 156 
83 157 
83 158 
83 159 
82 159 
82 160 
82 161 
81 161 
81 162 
80 162 
79 162 
78 162 
77 162 
76 162 
75 162 
74 162 
74 163 
73 163 
72 163 
72 164 
71 164 
70 164 
70 165 
69 165 
69 166 
68 166 
68 167 
67 167 
67 168 
66 168 
66 169 
66 170 
65 170 
65 171 
65 172 
64 172 
64 173 
64 174 
64 175 
64 176 
64 177 
64 178 
64 179 
64 180 
64 181 
64 182 
63 182 
63 183 
63 184 
63 185 
62 185 
62 186 
62 187 
62 188 
61 188 
61 189 
61 190 
61 191 
61 192 
60 192 
60 193 
60 194 
60 195 
59 195 
59 196 
59 197 
59 198 
59 199 
58 199 
58 200 
58 201 
58 202 
58 203 
57 203 
57 204 
57 205 
57 206 
56 206 
56 207 
56 208 
56 209 
56 210 
55 210 
55 211 
55 212 
55 213 
54 213 
54 214 
54 215 
54 216 
54 217 
53 217 
53 218 
53 219 
53 220 
52 220 
52 221 
52 222 
52 223 
52 224 
51 224 
51 225 
51 226 
51 227 
50 227 
50 228 
50 229 
50 230 
50 231 
49 231 
48 231 
47 231 
47 232 
47 233 
47 234 
47 235 
47 236 
47 237 
47 238 
47 239 
46 239 
46 240 
46 241 
45 241 
45 242 
45 243 
44 243 
44 244 
43 244 
43 245 
42 245 
42 246 
42 247 
42 248 
42 249 
42 250 
42 251 
43 251 
43 252 
44 252 
44 253 
45 253 
45 254 
46 254 
46 255 
47 255 
47 256 
48 256 
49 256 
50 256 
51 256 
52 256 
52 257 
52 258 
52 259 
52 260 
52 261 
52 262 
52 263 
52 264 
51 264 
50 264 
50 265 
49 265 
49 266 
48 266 
48 267 
47 267 
47 268 
46 268 
46 269 
46 270 
45 270 
45 271 
45 272 
44 272 
44 273 
44 274 
44 275 
44 276 
44 277 
43 277 
43 278 
43 279 
42 279 
42 280 
41 280 
41 281 
40 281 
40 282 
39 282 
38 282 
38 283 
37 283 
36 283 
36 284 
35 284 
34 284 
33 284 
32 284 
31 284 
30 284 
29 284 
28 284 
27 284 
27 283 
26 283 
25 283 
25 282 
24 282 
23 282 
23 281 
22 281 
22 280 
21 280 
21 279 
20 279 
20 278 
20 277 
19 277 
19 276 
